42584753
42579049
42571900
42555738
42546353
42536754
42536739
42532098
42512505
42488139
42479615
42474792
42474612
42445840
42440643
42434691
42423986
42419066
42399138
42394929
42366257
42362524
42360166
42346832
42344130
42341288
42334594
42326576
42326106
42321028
42316377
42305432
42246149
42231902
42227386
42218911
42211036
42205714
42202269
42197977
42197852
42184198
42175380
42157180
42142367
42141375
42126668
42119933
42114210
42111076
42104373
42088724
42078178
42070284
42055969
42045969
42035657
42023534
42017738
42017641
42010653
42000608
41984090
41977944
41967906
41929922
41927190
41921786
41918894
41907871
41906440
41902008
41899023
41877259
41868257
41867392
41857613
41855707
41849177
41834820
41832562
41816890
41816392
41815092
41791895
41787493
41782404
41777094
41774339
41762210
41760000
41728450
41702550
41692927
41691803
41690537
41682438
41667181
41663265
41651228
41649869
41644680
41635036
41600184
41567778
41529422
41517597
41512909
41510283
41491120
41478790
41474998
41470078
41462280
41457652
41450855
41444771
41442492
41424275
41420241
41420188
41413829
41390416
41354777
41353182
41349245
41341419
41337448
41337323
41337207
41336461
41336196
41331774
41325122
41322937
41284415
41281567
41278152
41275690
41274008
41268774
41257960
41250136
41250053
41235609
41230173
41225520
41222787
41212583
41200887
41192213
41190480
41181568
41156219
41147846
41130869
41124603
41111015
41095061
41066012
41054166
41049823
41042252
41008851
41005019
41000114
40999072
40998271
40990208
40989936
40976547
40974152
40970867
40959975
40956398
40955265
40904401
40896828
40891205
40890671
40877899
40872066
40866948
40858381
40853406
40842028
40839457
40833384
40828381
40799137
40792695
40785187
40779315
40758760
40758501
40737382
40726829
40721417
40714042
40714011
40712473
40699968
40684667
40684500
40648470
40644277
40644275
40644262
40644238
40644232
40644223
40644219
40644126
40644052
40644044
40643992
40642683
40622655
40594378
40589776
40558438
40558361
40558297
40549536
40519080
40495795
40444565
40420771
40418849
40394679
40394647
40385448
40384880
40369671
40350320
40336741
40336111
40297442
40287380
40286984
40277613
40277607
40277571
40269913
40261789
40251973
40205472
40205389
40157501
40153835
40150751
40141793
40125472
40096180
40096116
40093856
40089477
40084132
40074807
40060032
40050924
40042263
40039943
40030934
40030467
40022119
40012518
40001723
39997129
20301700
39933677
39918767
39841647
39831518
39819980
39819220
39814856
39810317
39797132
39796943
39753210
39737429
39727293
39709244
39708787
39703950
39702317
39694797
39685612
39661698
39648215
39636395
39636082
39627867
39615044
39593101
39588171
39556757
39553101
39546126
39544959
39520875
39520805
39516807
39464623
39419612
39409252
39406774
39391280
39378054
39366631
39338759
39338730
39335435
39311613
39295196
39275445
39253858
39240045
39232812
39213110
39205746
39190743
39188514
39182263
39172175
39145294
39132922
39123940
39117667
39099988
39097695
39066520
39026268
38976710
38975689
38965499
38959454
38937162
38888646
38873128
38829695
38818030
38811484
38763932
38742877
38694843
38682498
38661533
38651054
38614134
38610293
38600074
38585226
38576046
38527367
38510985
38510590
38502611
38498743
38441461
38423028
38384437
38351215
38327118
38313211
38302383
38283804
38283263
38231807
41541098
38203110
38178559
38168644
38165796
38145176
38093754
38091118
38083247
38082642
38082616
38076434
38062454
38009458
37974229
37962473
37960649
37955369
37941283
37941249
37941223
37941174
37941171
37939917
37910412
37844007
37835115
37815973
37722649
37709309
37688117
37638892
37631637
37629786
37622758
37605978
37501217
37428857
37401710
37349518
37300038
37275470
37253679
37250692
37249747
37248918
37238390
37218257
37205055
37132669
37101752
37067232
37059599
37058228
37055632
37045641
37043927
37041622
37033414
37015454
37014743
37008040
36979997
36970915
36966005
36897863
36859286
36831593
36779946
36715240
36675791
36649574
36642391
36620486
36584398
38486900
36553186
36534488
36509610
36507352
36498603
36467565
36467283
36429941
36342771
36298256
36280946
36278426
36248365
36227830
36212185
36210494
36188797
36176158
36176149
36138509
36138031
36113274
36094982
36090930
36086418
36086336
36086198
36085923
35992731
35990171
35957264
35942231
35932699
35898105
35893280
35811182
35771316
35753880
35706552
35597969
35572060
35532629
35467323
35443710
35385456
35341193
35319582
35309176
35309163
35306797
35292044
35288097
35280363
35264473
35255402
35252141
35193536
35171260
35165776
35161755
35147568
35118865
35074282
35007901
35005467
34978313
34961521
34953497
34922590
34892653
34892649
34892631
34892221
34831679
34813476
34805329
34804415
34792542
34790109
34643554
34628908
34562877
34482665
34465356
34449717
34383958
34305792
34290561
34281494
34245684
34223757
34222353
34214499
34195289
34190657
34186136
34175013
34174225
34104636
34104490
34087079
34073464
34065366
34058870
33971912
33941180
33937345
33937218
33906680
33895427
33879182
33862066
33748417
33743757
33741833
33670831
33622344
33571072
33557834
33555550
33539714
33520950
33503390
33478563
33451142
33399050
33379316
33329334
33302462
33299386
33261520
33225442
33218513
33211660
33210756
33148738
33140719
33111296
33080845
33032627
33019999
33019147
33018994
33018670
33018598
33014987
32993695
32988930
32988251
32970164
32967990
32918105
32917287
32912215
32886532
32848691
32827328
32800962
32799900
32751876
32714127
32634140
32614618
32592282
32516301
32483947
32476219
32435506
32415231
32390812
32312284
32299272
32287000
32284080
32245693
32229177
32174821
32167899
32165054
32162144
32151498
32146715
32145522
32138780
32075663
32070406
32066467
32006458
31960734
31951176
31946211
31945932
31909703
31894574
31871768
31870393
31849635
31838291
31797659
31688011
31621506
31619954
31603395
31584322
31566506
31547900
31523451
31518200
31444104
31417338
31382887
31374752
31374719
31374713
31374706
31374698
31374677
31374612
31348963
31337400
31331126
31325626
31318681
31247627
31241400
31187605
31155667
31130060
31120794
31076475
31072370
31064938
31046578
31036033
31035696
30977382
30965159
30949243
30918621
30907704
30905495
30895872
30894192
30887864
30866682
30839256
30827696
30810741
30806105
30801942
30786789
30740658
30736008
30672345
30631423
30622691
32207716
30583763
30552264
30541585
30519744
30516821
30440722
30418882
30400120
30356005
30318241
30316905
30255806
30217617
30175845
30121131
30100314
30092092
30025844
30017408
30015242
29994617
33141688
29941033
33500930
29765872
29729782
29729467
29704921
29643516
29610312
29602721
29569172
29555468
29548599
29526856
29513052
29500092
29499712
29490678
29453731
29439942
29432112
29425663
29408741
29400677
29324407
29323399
29298691
29265890
29265791
29255412
29248686
29243074
29182082
29168775
29150766
29125807
29116816
29102346
31186942
29086019
29068644
29065593
29065571
29020959
28993130
28974463
28905683
28877943
28873845
28813944
28813805
28813794
28803535
28797451
28736514
28728602
28713296
28702829
28701533
28700324
28677091
28673115
28671632
28661914
28652064
28629390
28606179
28589390
28504943
28449699
28433400
28410110
28400179
28350526
28338553
28323803
28315666
28269317
28219288
28194413
28141525
28113672
28113593
28084919
28084064
29773043
29583092
27996894
27930761
27896652
27895550
27879293
27843743
27810700
27762644
27687984
27669997
27661425
27646624
27589510
27531014
27529874
27513629
27479198
27477023
27454772
27445658
27415452
27332235
27298658
27255156
27245227
27234997
27220733
27220732
27064692
26923385
26906935
26891487
26860920
26852630
26799897
26765479
26752058
26737154
26737143
26735630
26700692
26566226
26559225
28055882
26414146
26409198
26406027
26376019
26364706
26340538
26319272
26294596
26288887
26246356
26233190
26141802
26135221
26131797
26129712
26076696
26049880
26005600
25985369
25945816
25916254
25915458
25886307
25847824
25811205
25804528
25782693
25724733
25677022
25669209
25667355
25644390
25619614
25571325
25570894
25570452
25570078
25495889
25495803
25486644
25461822
25457972
25428901
25399249
25386135
25326697
25314703
25248189
25224984
25221845
25148846
25144418
25107708
25058923
25051931
24934083
24928375
24911814
24888836
24808326
24750989
24703204
24658314
24566217
24508211
24461799
24459695
24383891
24382952
24299257
24238930
24187315
24187305
24187298
24187296
24187281
24187277
24187247
24187173
24109694
24052026
24053154
24027477
23949036
23949026
23949025
23895026
23871151
23846665
23771306
23758543
23652919
23576186
23575556
23500637
23500181
23367396
23367015
23366782
24640715
23241570
23213666
23080037
23078100
23062798
23023795
22897838
22892417
22871683
22773235
22696362
22676171
22650320
22577778
22533384
22531822
22506221
22481803
22457900
22453316
22439801
22434793
22404874
22376132
22331211
22275710
22275693
22275583
22275577
22275553
22256051
22254745
22177263
22177193
22050879
21912402
21771134
21741852
21674389
21575185
21527097
21491072
21487759
21477331
21465437
21429200
21335755
21299370
21271787
21261965
21095917
21070080
20969432
20942829
20927002
20698789
20529757
20510970
20461332
20437861
20358323
20033510
19965200
19964427
19963475
19846759
19841826
19822949
19747355
19627941
19592798
19531875
19440130
19340661
19255212
19243615
19201521
19190087
19165689
19163718
19002092
18843735
18772279
18586608
18468270
18283573
18254428
18081483
17937944
17908578
17894271
17549177
17494454
17331243
17309790
17294903
17270510
17225042
23926977
17176474
17160703
17123207
16917163
16689127
16517353
16200761
15641007
15633881
15173292
15106392
15105166
14770101
14711941
14636182
14606269
12822087
12690356
12545941
12236447
11974948
11887129
11688775
11564244
11331045
10914350
10762196
10749038
10665674
10597809
10378938
9226503
9282184
9313387
9007931
8985998
8730542
7574300
7870509
8475349
1578394
1749940
2066869
2936937
3879380
